Block Reward Simulator SHA256, version 05-12-2019
Block rewards = 2000
Wallet weight = 20000
Network weight = 20000000
977
2162
408
2459
2647
1757
703
1498
2603
1185
323
895
1024
294
1377
12
23
1524
675
241
165
2654
1826
1139
772
310
986
107
1398
1304
295
30
1550
79
11
331
2290
1582
63
784
61
2105
11
62
1363
926
162
1188
1302
507
227
3906
232
864
457
2244
714
363
838
453
1203
738
910
600
207
59
2851
679
795
84
1147
692
1034
1696
3095
1311
46
1452
1546
1062
3655
2758
1990
1366
1944
328
110
951
552
1692
243
1912
1269
1531
54
3678
1430
3046
1240
594
524
915
1244
400
2930
260
513
48
113
1184
2340
490
730
1623
439
645
369
586
280
446
1084
1339
453
1186
153
334
14
300
801
390
56
634
169
3116
105
1727
1893
1292
230
567
6029
27
578
638
2713
322
358
394
82
824
586
649
653
632
322
1241
783
914
276
41
172
248
406
426
19
18
1937
95
2098
537
1988
470
1486
474
31
813
1628
136
1026
1449
1262
607
895
14
996
1471
2359
2284
874
3604
474
513
1472
1263
1931
2291
229
1624
311
341
714
2004
1904
483
453
1897
74
58
3857
5411
147
272
513
2416
184
1354
2031
369
3575
1319
75
796
651
277
485
305
600
508
1671
115
180
570
407
42
115
578
1704
1578
223
1450
456
307
2109
1400
15
397
176
565
603
98
620
296
2787
415
1293
1127
219
232
528
1926
106
839
123
161
524
1035
1179
2884
227
279
293
98
846
1176
387
2174
35
553
192
626
1836
543
498
1077
556
904
76
231
59
361
143
1866
529
273
1276
712
1193
4
252
667
1584
2501
1333
8
84
847
1076
911
1482
96
2628
414
364
190
1424
252
2539
1626
1975
222
1455
2950
231
398
1368
46
2091
453
2279
223
1600
1061
1937
392
389
391
1664
641
1889
574
355
1858
247
906
252
897
2349
881
587
223
14
126
1428
575
2718
593
145
184
132
1740
286
1584
1205
3059
665
66
2314
2780
572
3435
2964
1385
823
233
451
720
726
422
509
625
522
2022
624
244
295
1614
852
279
169
6
2070
232
72
461
185
92
1379
482
1274
469
1110
154
2522
39
1943
2710
85
1514
631
50
1762
683
1065
715
49
2095
663
669
368
3164
469
502
3119
1195
2800
2988
350
138
149
318
1265
2290
729
2462
362
336
345
22
949
282
4245
422
2159
77
441
1775
374
515
1415
1772
1055
1879
940
1062
7
274
338
898
3672
196
485
135
109
1645
1955
21
656
232
810
1643
112
385
532
69
127
2349
2225
1781
1002
417
391
1165
1570
304
2246
1614
5912
3554
873
1364
717
3167
403
469
1478
321
896
3459
1642
1062
279
881
1089
1144
1812
649
190
315
1765
1437
283
127
25
853
4315
24
3803
107
371
973
293
1336
314
286
486
59
171
1524
2160
2989
164
1576
325
1394
450
684
788
393
688
513
1964
1578
1371
459
1666
1572
235
423
272
1032
2043
2029
129
270
979
46
911
61
297
39
64
1655
442
1469
506
749
1607
466
155
2655
52
281
296
294
1121
74
179
1432
199
1863
3023
539
520
110
889
417
1354
142
113
185
2282
1674
643
813
2275
427
561
3785
112
305
1438
661
197
2234
5492
112
287
662
244
157
578
458
356
821
52
315
103
284
348
649
392
4731
192
780
183
1596
1552
551
265
387
4009
251
2112
414
326
1386
611
2618
271
574
165
675
245
702
756
1188
1419
403
583
259
598
381
614
354
957
529
476
104
1449
492
365
827
2857
469
5
160
1133
10
136
151
222
211
27
578
1857
440
117
474
1496
1103
1277
2535
1339
171
2662
641
577
1371
3088
4504
176
317
27
189
1265
1303
1261
554
3688
749
723
58
1242
151
1841
2961
3645
2298
2296
87
3119
3533
142
1314
595
464
758
379
301
989
610
566
654
384
1624
743
385
124
3636
4386
396
1381
2998
225
51
867
5387
1964
879
761
29
1529
94
1897
129
3092
1140
1098
105
1015
124
697
541
134
106
345
42
636
98
1056
65
487
4029
265
1238
1905
1184
139
3445
37
857
236
1923
1892
246
769
39
663
4358
469
808
764
522
1838
51
329
47
414
498
1285
116
5444
1169
230
389
228
505
2522
572
3550
642
21
1333
1174
472
710
239
2807
568
532
291
95
544
13
1000
1294
656
1015
42
1435
242
1196
440
674
48
1191
2565
511
2506
644
2146
391
2565
380
291
356
20
678
739
2852
365
275
1127
631
827
31
208
3689
1192
1218
1091
3821
1231
1312
1171
713
281
1253
623
936
2494
548
1124
1583
367
143
381
72
1477
811
437
848
5
634
1159
2709
1829
387
619
355
765
862
1112
1558
1658
3398
1909
826
458
622
151
160
60
1022
2932
318
77
1995
1145
285
886
375
84
444
134
273
770
3757
114
1679
97
3121
472
15
997
1244
884
888
178
3454
296
1844
368
1097
1552
116
369
723
878
540
280
326
1549
84
3535
147
1402
337
9
621
2052
1002
648
291
246
130
448
3873
2492
233
766
979
910
621
257
109
1054
527
442
2589
246
1024
946
1700
1333
768
161
255
2161
34
699
257
409
346
509
2437
2551
135
319
1
296
1285
1059
7012
804
191
3507
127
244
389
156
1268
1048
441
417
470
3818
1416
793
532
2711
124
501
531
837
783
1283
224
4058
41
120
2506
3274
108
662
731
682
187
132
399
102
391
757
508
121
290
785
461
2025
70
1251
99
900
2393
65
828
401
5
44
307
156
1649
832
78
1219
727
16
2004
568
366
134
563
1995
1394
1592
1659
1027
2617
383
2761
55
338
3016
56
137
6
601
899
786
309
98
436
1589
1481
5157
277
1207
694
663
4329
41
1935
1704
634
1974
1678
918
1922
78
236
97
325
1558
1025
874
635
531
799
385
1019
3482
69
292
231
1026
3016
305
3224
968
1098
411
394
937
594
241
1316
778
1803
111
1163
394
904
34
131
97
6139
393
689
89
1065
556
1195
1466
1088
914
1492
1138
578
1345
403
1713
3504
32
302
406
1190
162
31
995
1871
1017
458
1265
943
2506
12
75
502
37
1465
108
1270
1352
4094
1790
3615
360
1178
190
857
2320
2709
690
2356
1841
1082
924
1688
772
788
2036
1555
170
141
618
63
1458
134
287
1459
55
295
607
495
2313
548
420
746
1253
249
49
984
1344
147
469
442
2301
469
302
2004
428
278
3454
689
129
422
326
2040
78
264
148
1329
1877
329
3031
74
801
276
804
224
4744
1081
1004
853
1781
1011
2090
1341
894
2573
1445
66
606
5187
467
77
978
1129
4995
757
798
218
858
351
43
1138
885
2127
1066
306
841
1348
855
25
1513
1978
206
3966
138
508
171
248
422
364
367
2339
1042
998
3286
404
2789
1558
1506
2951
365
309
218
1993
1798
1087
2060
1712
374
2993
35
251
63
1301
3291
427
164
968
662
79
277
158
711
1872
917
1957
184
3
84
347
40
168
1111
2415
1634
299
379
672
1311
805
1351
2100
1577
1650
660
835
2302
2189
784
2776
347
3414
1347
912
12
148
687
122
189
1541
355
4
777
2616
291
609
702
686
2578
751
427
45
528
45
2890
304
374
124
1731
895
1564
657
1160
129
537
449
184
203
365
353
15
984
1182
892
82
1421
1062
2437
1001
1116
680
156
968
1083
2701
758
5064
273
123
2157
1309
2112
2696
4640
655
132
924
1231
649
1473
362
4346
420
1064
3164
534
62
1956
25
308
58
382
2256
746
810
685
1433
371
1953
862
1762
74
525
319
1899
74
931
424
810
3634
493
86
78
381
124
406
1647
124
317
1843
1165
385
803
559
645
153
488
567
1896
61
875
38
119
289
83
1386
1208
298
887
155
1787
1237
900
131
490
588
1703
841
934
1077
419
664
1001
935
1483
1375
4297
527
535
543
1540
4
1644
55
1071
404
16
392
1612
611
1357
2066
105
2311
284
433
140
154
22
1059
978
16
498
361
12
4360
953
153
858
159
401
351
970
1557
1341
693
1503
51
355
329
18
87
485
1037
466
47
2120
4248
785
2723
1761
811
1446
479
1119
2807
2313
31
1312
331
2167
1585
1463
1344
964
598
149
586
266
2151
642
158
353
163
1053
37
565
1534
446
629
2154
101
4318
138
2394
1100
784
487
2459
412
407
1096
577
331
62
1804
852
799
1095
797
835
644
3665
1511
1402
1052
769
892
534
69
394
514
198
42
246
292
1046
748
537
1826
1887
811
52
1436
236
1447
2231
1003
2082
184
30
191
1832
418
348
745
1011
760
65
1313
574
1101
581
1698
68
1366
68
94
346
211
2472
314
170
160
1018
498
67
1783
119
637
385
487
369
387
1383
88
3769
562
229
1483
121
430
520
3253
1310
3240
143
706
612
465
1145
472
493
1501
774
615
200
566
1335
1665
246
7
1178
1033
1051
463
474
1229
505
134
258
111
684
1428
670
767
549
870
983
2181
238
1617
355
745
2129
1473
1492
67
65
83
519
338
940
533
1365
9
219
560
907
1296
306
727
463
2141
1843
285
797
809
679
1964
1806
814
2446
580
727
260
1386
135
679
244
723
25
1331
1285
1713
233
1582
345
493
3219
1006
37
642
892
19
893
132
1535
1085
548
93
689
741
546
1601
2630
2784
2149
877
641
798
785
15
2554
2873
1279
2198
1544
375
293
2303
519
2282
131
527
1281
1049
1546
1380
1598
1429
1344
132
536
165
636
2205
942
735
738
926
681
1022
172
1102
3684
150
2666
1519
1890
1362
861
488
863
389
948
3031
2798
1472
555
3059
1205
2462
1421
1372
428
726
749
1274
644
8
532
697
349
1027
2072
77
187
2113
396
985
318
66
696
1362
12
1735
473
228
2518
441
110
427
2054
541
2303
684
549
245
2723
95
242
676
137
1911
365
791
21
1897
1040
592
21
898
2128
2226
166
1170
978
692
359
146
677
454
39
564
1772
2843
997
149
732
644
93
923
1441
988
203
1183
383
785
66
625
995
297
407
74
1436
64
178
3435
3823
3165
1789
923
888
249
878
537
1287
2563
711
2117
169
426
2483
1095
873
5727
769
129
283
140
1578
4969
843
280
1632
23
541
365
82
308
1130
2313
773
861
270
1782
425
2639
131
356
1885
730
444
1606
3411
1100
2337
955
1245
1234
821
447
1632
441
436
420
119
1738
855
2312
920
633
1215
7122
580
318
2124
4493
2335
433
254
646
1123
623
536
346
712
231
1634
928
954
322
493
2
2088
25
389
777
2993
397
287
128
193
1699
193
total blocks = 1979528
